name: csp_frank_oliver
channels:
  - defaults
  - conda-forge
dependencies:
  - absl-py=1.4.0=pyhd8ed1ab_0
  - astor=0.8.1=pyh9f0ad1d_0
  - bleach=1.5.0=py36_0
  - ca-certificates=2023.5.7=h56e8100_0
  - certifi=2020.6.20=pyhd3eb1b0_3
  - cycler=0.11.0=pyhd8ed1ab_0
  - dataclasses=0.8=pyh787bdff_2
  - et_xmlfile=1.1.0=py36haa95532_0
  - freetype=2.12.1=h546665d_1
  - gast=0.5.3=pyhd8ed1ab_0
  - grpcio=1.38.1=py36h4374274_0
  - html5lib=0.9999999=py36_0
  - icu=69.1=h0e60522_0
  - importlib-metadata=4.8.1=py36ha15d459_0
  - intel-openmp=2023.0.0=h57928b3_25922
  - joblib=1.2.0=pyhd8ed1ab_0
  - jpeg=9e=hcfcfb64_3
  - kiwisolver=1.3.1=py36he95197e_1
  - lcms2=2.12=h2a16943_0
  - libblas=3.9.0=16_win64_mkl
  - libcblas=3.9.0=16_win64_mkl
  - libclang=13.0.1=default_h66ee7f4_1
  - libhwloc=2.9.0=h51c2c0f_0
  - libiconv=1.17=h8ffe710_0
  - liblapack=3.9.0=16_win64_mkl
  - libpng=1.6.39=h19919ed_0
  - libprotobuf=3.18.0=h7755175_1
  - libsqlite=3.40.0=hcfcfb64_0
  - libtiff=4.2.0=h0c97f57_3
  - libxml2=2.10.3=hc3477c8_6
  - libzlib=1.2.13=hcfcfb64_4
  - m2w64-gcc-libgfortran=5.3.0=6
  - m2w64-gcc-libs=5.3.0=7
  - m2w64-gcc-libs-core=5.3.0=7
  - m2w64-gmp=6.1.0=2
  - m2w64-libwinpthread-git=5.0.0.4634.697f757=2
  - markdown=3.4.3=pyhd8ed1ab_0
  - matplotlib=3.3.4=py36ha15d459_0
  - matplotlib-base=3.3.4=py36h1abdf75_0
  - mkl=2022.1.0=h6a75c08_874
  - msys2-conda-epoch=20160418=1
  - numpy=1.19.5=py36h4b40d73_2
  - olefile=0.46=pyh9f0ad1d_1
  - openjpeg=2.4.0=hb211442_1
  - openpyxl=3.0.9=pyhd3eb1b0_0
  - openssl=1.1.1l=h8ffe710_0
  - pandas=1.1.5=py36he38d939_0
  - pillow=8.2.0=py36h9cbe6be_1
  - pip=21.3.1=pyhd8ed1ab_0
  - protobuf=3.18.0=py36he2d232f_0
  - pthreads-win32=2.9.1=hfa6e2cd_3
  - pyparsing=3.0.9=pyhd8ed1ab_0
  - pyqt=5.12.3=py36ha15d459_7
  - pyqt-impl=5.12.3=py36he2d232f_7
  - pyqt5-sip=4.19.18=py36he2d232f_7
  - pyqtchart=5.12=py36he2d232f_7
  - pyqtwebengine=5.12.1=py36he2d232f_7
  - python=3.6.15=h39d44d4_0_cpython
  - python-dateutil=2.8.2=pyhd8ed1ab_0
  - python_abi=3.6=2_cp36m
  - pytz=2023.3=pyhd8ed1ab_0
  - qt=5.12.9=h556501e_6
  - scikit-learn=0.22.2.post1=py36h7208079_0
  - scipy=1.5.3=py36h27d303f_1
  - setuptools=58.0.4=py36ha15d459_2
  - six=1.16.0=pyh6c4a22f_0
  - sqlite=3.40.0=hcfcfb64_0
  - tbb=2021.8.0=h91493d7_0
  - tensorboard=1.8.0=py36_1
  - tensorflow=1.8.0=py36_1
  - termcolor=1.1.0=pyhd8ed1ab_3
  - tk=8.6.12=h8ffe710_0
  - tornado=6.1=py36h68aa20f_1
  - typing_extensions=4.1.1=pyha770c72_0
  - ucrt=10.0.22621.0=h57928b3_0
  - vc=14.3=hb6edc58_10
  - vs2015_runtime=14.34.31931=h4c5c07a_10
  - webencodings=0.5.1=py_1
  - werkzeug=2.0.2=pyhd8ed1ab_0
  - wheel=0.37.1=pyhd8ed1ab_0
  - xz=5.2.6=h8d14728_0
  - zipp=3.6.0=pyhd8ed1ab_0
  - zlib=1.2.13=hcfcfb64_4
  - zstd=1.5.2=h12be248_6